count = 15

x0 = 2048.288330
y0 = 966.223327
z0 = 10.119172

x1 = 2057.791748
y1 = 855.021667
z1 = 6.441040

x2 = 2074.301269
y2 = 969.757202
z2 = 10.161629

x3 = 2343.267333
y3 = 977.475524
z3 = 10.378261

x4 = 2346.951416
y4 = 1191.313476
z4 = 10.570734

x5 = 2426.554931
y5 = 1194.148803
z5 = 10.748604

x6 = 2426.554931
y6 = 1194.148803
z6 = 10.748604

x7 = 2428.991943
y7 = 1470.998901
z7 = 10.719944

x8 = 2567.082519
y8 = 1474.144287
z8 = 10.564635

x9 = 2524.758544
y9 = 1526.945312
z9 = 10.382745

x11 = 2482.871582
y11 = 1554.839599
z11 = 10.379689

x10 = 2504.393310
y10 = 1609.678710
z10 = 10.523755

x12 = 2327.436279
y12 = 1613.877075
z12 = 10.556932

x13 = 2058.534179
y13 = 1531.140502
z13 = 10.380640

x14 = 2047.151977
y14 = 1492.885131
z14 = 10.377581
