count = 15

x[0]  = 2048.288330
y[0]  = 966.223327
z[0]  = 10.119172

x[1]  = 2057.791748
y[1]  = 855.021667
z[1]  = 6.441040

x[2]  = 2074.301269
y[2]  = 969.757202
z[2]  = 10.161629

x[3]  = 2343.267333
y[3]  = 977.475524
z[3]  = 10.378261

x[4]  = 2346.951416
y[4]  = 1191.313476
z[4]  = 10.570734

x[5]  = 2426.554931
y[5]  = 1194.148803
z[5]  = 10.748604

x[6]  = 2426.554931
y[6]  = 1194.148803
z[6]  = 10.748604

x[7]  = 2428.991943
y[7]  = 1470.998901
z[7]  = 10.719944

x[8]  = 2567.082519
y[8]  = 1474.144287
z[8]  = 10.564635

x[9]  = 2524.758544
y[9]  = 1526.945312
z[9]  = 10.382745

x[10]  = 2482.871582
y[10]  = 1554.839599
z[10]  = 10.379689

x[13]  = 2504.393310
y[13]  = 1609.678710
z[13]  = 10.523755

x[14]  = 2327.436279
y[14]  = 1613.877075
z[14]  = 10.556932

x[15]  = 2058.534179
y[15]  = 1531.140502
z[15]  = 10.380640

x[16]  = 2047.151977
y[16]  = 1492.885131
z[16]  = 10.377581
